                                        Freq Table of Surgical Procedure Combos                                         

                                                   The FREQ Procedure

Table of CONDX by CONDX2

CONDX |           |       202 |       204 |       205 |       207 |      Total
------+-----------+-----------+-----------+-----------+-----------+-----------
110   |         4 |         0 |         0 |         0 |         0 |          4
------+-----------+-----------+-----------+-----------+-----------+-----------
150   |         1 |         0 |         0 |         0 |         0 |          1
------+-----------+-----------+-----------+-----------+-----------+-----------
152   |         1 |         0 |         0 |         0 |         0 |          1
------+-----------+-----------+-----------+-----------+-----------+-----------
201   |         2 |         1 |         1 |         1 |         0 |          5
------+-----------+-----------+-----------+-----------+-----------+-----------
204   |         0 |         0 |         0 |         0 |         1 |          1
------+-----------+-----------+-----------+-----------+-----------+-----------
305   |         2 |         0 |         0 |         0 |         0 |          2
------+-----------+-----------+-----------+-----------+-----------+-----------
410   |         2 |         0 |         0 |         0 |         0 |          2
------+-----------+-----------+-----------+-----------+-----------+-----------
Total |        12 |         1 |         1 |         1 |         1 |         16
